           0           0   0.0000000000000000     
           0           1   0.0000000000000000     
           0           2   0.0000000000000000     
           0           3   0.0000000000000000     
           0           4   0.0000000000000000     
           0           5   0.0000000000000000     

           1           0   0.0000000000000000     
           1           1  8.28934304570899672E-004
           1           2  1.16090248735442603E-003
           1           3  1.21183741971724046E-003
           1           4  1.11194788502540221E-003
           1           5  9.36694785290535792E-004

           2           0   0.0000000000000000     
           2           1  1.55788689997876650E-003
           2           2  2.18178299837612499E-003
           2           3  2.27750936619566802E-003
           2           4  2.08977843951635434E-003
           2           5  1.76041035001422985E-003

           3           0   0.0000000000000000     
           3           1  2.09893534002547621E-003
           3           2  2.93950828623612548E-003
           3           3  3.06848006239324178E-003
           3           4  2.81555088174859081E-003
           3           5  2.37179445563120983E-003

           4           0   0.0000000000000000     
           4           1  2.38682120547306642E-003
           4           2  3.34268548399491161E-003
           4           3  3.48934678825119082E-003
           4           4  3.20172632188270301E-003
           4           5  2.69710513247506389E-003

           5           0  1.11022302462515654E-016
           5           1  2.38682120281408228E-003
           5           2  3.34268548899230300E-003
           5           3  3.48934678151824329E-003
           5           4  3.20172632953910630E-003
           5           5  2.69710514062282414E-003

           6           0   0.0000000000000000     
           6           1  2.09893534236371693E-003
           6           2  2.93950828184147417E-003
           6           3  3.06848006831411668E-003
           6           4  2.81555087501567103E-003
           6           5  2.37179444846616350E-003

           7           0   0.0000000000000000     
           7           1  1.55788689824315485E-003
           7           2  2.18178300163790473E-003
           7           3  2.27750936180098895E-003
           7           4  2.08977844451369021E-003
           7           5  1.76041035533228141E-003

           8           0   0.0000000000000000     
           8           1  8.28934305494355428E-004
           8           2  1.16090248561881437E-003
           8           3  1.21183742205552281E-003
           8           4  1.11194788236632092E-003
           8           5  9.36694782460813224E-004

           9           0   0.0000000000000000     
           9           1  8.63772027665873424E-017
           9           2  6.09258733183277711E-017
           9           3  4.29738625552805554E-017
           9           4  3.03114713394613378E-017
           9           5  2.13800957170438806E-017

