           0           4   0.0000000000000000     
           0           5   0.0000000000000000     
           0           6   0.0000000000000000     
           0           7   0.0000000000000000     
           0           8   0.0000000000000000     
           0           9   0.0000000000000000     

           1           4  1.11194791227935130E-003
           1           5  9.36694752547845289E-004
           1           6  7.26664133136642465E-004
           1           7  5.00060207799853801E-004
           1           8  2.60259889715591664E-004
           1           9   0.0000000000000000     

           2           4  2.08977850105249163E-003
           2           5  1.76041029879356326E-003
           2           6  1.36568184300196738E-003
           2           7  9.39805777698185518E-004
           2           8  4.89128593969018199E-004
           2           9   0.0000000000000000     

           3           4  2.81555095075802786E-003
           3           5  2.37179437272380667E-003
           3           6  1.83997817554301668E-003
           3           7  1.26619689461984763E-003
           3           8  6.59001174282358715E-004
           3           9   0.0000000000000000     

           4           4  3.20172641616150999E-003
           4           5  2.69710505400044820E-003
           4           6  2.09234597380027199E-003
           4           7  1.43986598723361281E-003
           4           8  7.49388482761133290E-004
           4           9   0.0000000000000000     

           5           4  3.20172640801372199E-003
           5           5  2.69710504634401715E-003
           5           6  2.09234598053319176E-003
           5           7  1.43986598223622142E-003
           5           8  7.49388485420166006E-004
           5           9  6.93889390390722838E-018

           6           4  2.81555095792307419E-003
           6           5  2.37179437945675420E-003
           6           6  1.83997816962215566E-003
           6           7  1.26619689901445731E-003
           6           8  6.59001171944027797E-004
           6           9   0.0000000000000000     

           7           4  2.08977849573435681E-003
           7           5  1.76041029379614411E-003
           7           6  1.36568184739654930E-003
           7           7  9.39805774436364150E-004
           7           8  4.89128595704581282E-004
           7           9   0.0000000000000000     

           8           4  1.11194791510901836E-003
           8           5  9.36694755206864127E-004
           8           6  7.26664130798297669E-004
           8           7  5.00060209535409944E-004
           8           8  2.60259888792104682E-004
           8           9   0.0000000000000000     

           9           4  3.03114713394613378E-017
           9           5  2.13800957170438806E-017
           9           6  1.50803795616105901E-017
           9           7  1.06368956777377042E-017
           9           8  7.50269906648100767E-018
           9           9   0.0000000000000000     

